start=601.833333
speed=3.005259
fullscreen=no
panscan=0.100000
