start=23.541667
speed=3.005259
